1, 713
2, 577
3, 513
4, 473
5, 445
6, 424
7, 406
8, 392
9, 380
10, 369
11, 360
12, 352
13, 345
14, 338
15, 332
16, 326
17, 321
18, 316
19, 312
20, 308
21, 304
22, 300
23, 297
24, 293
25, 290
26, 287
27, 284
28, 282
29, 279
30, 277
31, 274
32, 272
33, 270
34, 268
35, 266
36, 264
37, 262
38, 260
39, 258
40, 256
41, 255
42, 253
43, 251
44, 250
45, 248
46, 247
47, 245
48, 244
49, 243
50, 241
51, 240
52, 239
53, 238
54, 236
55, 235
56, 234
57, 233
58, 232
59, 231
60, 230
61, 229
62, 228
63, 227
64, 226
65, 225
66, 224
67, 223
68, 222
69, 221
70, 220
71, 219
72, 218
73, 218
74, 217
75, 216
76, 215
77, 214
78, 214
79, 213
80, 212
81, 211
82, 211
83, 210
84, 209
85, 208
86, 208
87, 207
88, 206
89, 206
90, 205
91, 204
92, 204
93, 203
94, 202
95, 202
96, 201
97, 201
98, 200
99, 199
100, 199
101, 198
102, 198
103, 197
104, 197
105, 196
106, 195
107, 195
108, 194
109, 194
110, 193
111, 193
112, 192
113, 192
114, 191
115, 191
116, 190
117, 190
118, 189
119, 189
120, 188
121, 188
122, 187
123, 187
124, 187
125, 186
126, 186
127, 185
128, 185
129, 184
130, 184
131, 183
132, 183
133, 183
134, 182
135, 182
136, 181
137, 181
138, 181
139, 180
140, 180
141, 179
142, 179
143, 179
144, 178
145, 178
146, 177
147, 177
148, 177
149, 176
150, 176
151, 176
152, 175
153, 175
154, 174
155, 174
156, 174
157, 173
158, 173
159, 173
160, 172
161, 172
162, 172
163, 171
164, 171
165, 171
166, 170
167, 170
168, 170
169, 169
170, 169
171, 169
172, 168
173, 168
174, 168
175, 167
176, 167
177, 167
178, 166
179, 166
180, 166
181, 166
182, 165
183, 165
184, 165
185, 164
186, 164
187, 164
188, 163
189, 163
190, 163
191, 163
192, 162
193, 162
194, 162
195, 161
196, 161
197, 161
198, 161
199, 160
200, 160
201, 160
202, 160
203, 159
204, 159
205, 159
206, 158
207, 158
208, 158
209, 158
210, 157
211, 157
212, 157
213, 157
214, 156
215, 156
216, 156
217, 156
218, 155
219, 155
220, 155
221, 155
222, 154
223, 154
224, 154
225, 154
226, 153
227, 153
228, 153
229, 153
230, 152
231, 152
232, 152
233, 152
234, 151
235, 151
236, 151
237, 151
238, 151
239, 150
240, 150
241, 150
242, 150
243, 149
244, 149
245, 149
246, 149
247, 148
248, 148
249, 148
250, 148
251, 148
252, 147
253, 147
254, 147
255, 147
256, 147
257, 146
258, 146
259, 146
260, 146
261, 145
262, 145
263, 145
264, 145
265, 145
266, 144
267, 144
268, 144
269, 144
270, 144
271, 143
272, 143
273, 143
274, 143
275, 143
276, 142
277, 142
278, 142
279, 142
280, 142
281, 141
282, 141
283, 141
284, 141
285, 141
286, 140
287, 140
288, 140
289, 140
290, 140
291, 139
292, 139
293, 139
294, 139
295, 139
296, 138
297, 138
298, 138
299, 138
300, 138
301, 138
302, 137
303, 137
304, 137
305, 137
306, 137
307, 136
308, 136
309, 136
310, 136
311, 136
312, 136
313, 135
314, 135
315, 135
316, 135
317, 135
318, 134
319, 134
320, 134
321, 134
322, 134
323, 134
324, 133
325, 133
326, 133
327, 133
328, 133
329, 132
330, 132
331, 132
332, 132
333, 132
334, 132
335, 131
336, 131
337, 131
338, 131
339, 131
340, 131
341, 130
342, 130
343, 130
344, 130
345, 130
346, 130
347, 129
348, 129
349, 129
350, 129
351, 129
352, 129
353, 128
354, 128
355, 128
356, 128
357, 128
358, 128
359, 127
360, 127
361, 127
362, 127
363, 127
364, 127
365, 127
366, 126
367, 126
368, 126
369, 126
370, 126
371, 126
372, 125
373, 125
374, 125
375, 125
376, 125
377, 125
378, 124
379, 124
380, 124
381, 124
382, 124
383, 124
384, 124
385, 123
386, 123
387, 123
388, 123
389, 123
390, 123
391, 122
392, 122
393, 122
394, 122
395, 122
396, 122
397, 122
398, 121
399, 121
400, 121
401, 121
402, 121
403, 121
404, 121
405, 120
406, 120
407, 120
408, 120
409, 120
410, 120
411, 119
412, 119
413, 119
414, 119
415, 119
416, 119
417, 119
418, 118
419, 118
420, 118
421, 118
422, 118
423, 118
424, 118
425, 117
426, 117
427, 117
428, 117
429, 117
430, 117
431, 117
432, 116
433, 116
434, 116
435, 116
436, 116
437, 116
438, 116
439, 115
440, 115
441, 115
442, 115
443, 115
444, 115
445, 115
446, 114
447, 114
448, 114
449, 114
450, 114
451, 114
452, 114
453, 113
454, 113
455, 113
456, 113
457, 113
458, 113
459, 113
460, 112
461, 112
462, 112
463, 112
464, 112
465, 112
466, 112
467, 112
468, 111
469, 111
470, 111
471, 111
472, 111
473, 111
474, 111
475, 110
476, 110
477, 110
478, 110
479, 110
480, 110
481, 110
482, 109
483, 109
484, 109
485, 109
486, 109
487, 109
488, 109
489, 109
490, 108
491, 108
492, 108
493, 108
494, 108
495, 108
496, 108
497, 107
498, 107
499, 107
500, 107
501, 107
502, 107
503, 107
504, 107
505, 106
506, 106
507, 106
508, 106
509, 106
510, 106
511, 106
512, 106
513, 105
514, 105
515, 105
516, 105
517, 105
518, 105
519, 105
520, 104
521, 104
522, 104
523, 104
524, 104
525, 104
526, 104
527, 104
528, 103
529, 103
530, 103
531, 103
532, 103
533, 103
534, 103
535, 102
536, 102
537, 102
538, 102
539, 102
540, 102
541, 102
542, 102
543, 101
544, 101
545, 101
546, 101
547, 101
548, 101
549, 101
550, 101
551, 100
552, 100
553, 100
554, 100
555, 100
556, 100
557, 100
558, 100
559, 99
560, 99
561, 99
562, 99
563, 99
564, 99
565, 99
566, 99
567, 98
568, 98
569, 98
570, 98
571, 98
572, 98
573, 98
574, 97
575, 97
576, 97
577, 97
578, 97
579, 97
580, 97
581, 97
582, 96
583, 96
584, 96
585, 96
586, 96
587, 96
588, 96
589, 96
590, 95
591, 95
592, 95
593, 95
594, 95
595, 95
596, 95
597, 95
598, 94
599, 94
600, 94
601, 94
602, 94
603, 94
604, 94
605, 94
606, 93
607, 93
608, 93
609, 93
610, 93
611, 93
612, 93
613, 92
614, 92
615, 92
616, 92
617, 92
618, 92
619, 92
620, 92
621, 91
622, 91
623, 91
624, 91
625, 91
626, 91
627, 91
628, 91
629, 90
630, 90
631, 90
632, 90
633, 90
634, 90
635, 90
636, 90
637, 89
638, 89
639, 89
640, 89
641, 89
642, 89
643, 89
644, 89
645, 88
646, 88
647, 88
648, 88
649, 88
650, 88
651, 88
652, 87
653, 87
654, 87
655, 87
656, 87
657, 87
658, 87
659, 87
660, 86
661, 86
662, 86
663, 86
664, 86
665, 86
666, 86
667, 86
668, 85
669, 85
670, 85
671, 85
672, 85
673, 85
674, 85
675, 85
676, 84
677, 84
678, 84
679, 84
680, 84
681, 84
682, 84
683, 83
684, 83
685, 83
686, 83
687, 83
688, 83
689, 83
690, 83
691, 82
692, 82
693, 82
694, 82
695, 82
696, 82
697, 82
698, 81
699, 81
700, 81
701, 81
702, 81
703, 81
704, 81
705, 81
706, 80
707, 80
708, 80
709, 80
710, 80
711, 80
712, 80
713, 79
714, 79
715, 79
716, 79
717, 79
718, 79
719, 79
720, 79
721, 78
722, 78
723, 78
724, 78
725, 78
726, 78
727, 78
728, 77
729, 77
730, 77
731, 77
732, 77
733, 77
734, 77
735, 76
736, 76
737, 76
738, 76
739, 76
740, 76
741, 76
742, 75
743, 75
744, 75
745, 75
746, 75
747, 75
748, 75
749, 75
750, 74
751, 74
752, 74
753, 74
754, 74
755, 74
756, 74
757, 73
758, 73
759, 73
760, 73
761, 73
762, 73
763, 73
764, 72
765, 72
766, 72
767, 72
768, 72
769, 72
770, 71
771, 71
772, 71
773, 71
774, 71
775, 71
776, 71
777, 70
778, 70
779, 70
780, 70
781, 70
782, 70
783, 70
784, 69
785, 69
786, 69
787, 69
788, 69
789, 69
790, 69
791, 68
792, 68
793, 68
794, 68
795, 68
796, 68
797, 67
798, 67
799, 67
800, 67
801, 67
802, 67
803, 67
804, 66
805, 66
806, 66
807, 66
808, 66
809, 66
810, 65
811, 65
812, 65
813, 65
814, 65
815, 65
816, 64
817, 64
818, 64
819, 64
820, 64
821, 64
822, 63
823, 63
824, 63
825, 63
826, 63
827, 63
828, 62
829, 62
830, 62
831, 62
832, 62
833, 62
834, 61
835, 61
836, 61
837, 61
838, 61
839, 61
840, 60
841, 60
842, 60
843, 60
844, 60
845, 60
846, 59
847, 59
848, 59
849, 59
850, 59
851, 58
852, 58
853, 58
854, 58
855, 58
856, 58
857, 57
858, 57
859, 57
860, 57
861, 57
862, 56
863, 56
864, 56
865, 56
866, 56
867, 56
868, 55
869, 55
870, 55
871, 55
872, 55
873, 54
874, 54
875, 54
876, 54
877, 54
878, 53
879, 53
880, 53
881, 53
882, 53
883, 52
884, 52
885, 52
886, 52
887, 52
888, 51
889, 51
890, 51
891, 51
892, 50
893, 50
894, 50
895, 50
896, 50
897, 49
898, 49
899, 49
900, 49
901, 49
902, 48
903, 48
904, 48
905, 48
906, 47
907, 47
908, 47
909, 47
910, 46
911, 46
912, 46
913, 46
914, 45
915, 45
916, 45
917, 45
918, 44
919, 44
920, 44
921, 44
922, 43
923, 43
924, 43
925, 43
926, 42
927, 42
928, 42
929, 42
930, 41
931, 41
932, 41
933, 41
934, 40
935, 40
936, 40
937, 39
938, 39
939, 39
940, 39
941, 38
942, 38
943, 38
944, 37
945, 37
946, 37
947, 36
948, 36
949, 36
950, 35
951, 35
952, 35
953, 34
954, 34
955, 34
956, 33
957, 33
958, 33
959, 32
960, 32
961, 32
962, 31
963, 31
964, 30
965, 30
966, 30
967, 29
968, 29
969, 28
970, 28
971, 28
972, 27
973, 27
974, 26
975, 26
976, 25
977, 25
978, 25
979, 24
980, 24
981, 23
982, 23
983, 22
984, 22
985, 21
986, 20
987, 20
988, 19
989, 19
990, 18
991, 17
992, 17
993, 16
994, 16
995, 15
996, 14
997, 13
998, 13
999, 12
1000, 11
1001, 10
1002, 9
1003, 9
1004, 8
1005, 7
1006, 6
1007, 5
1008, 3
1009, 2
1010, 1
1011, 0
1012, -1
1013, -2
1014, -4
1015, -6
1016, -8
1017, -10
1018, -12
1019, -15
1020, -19
1021, -23
1022, -29
1,713
2,577
3,513
4,473
5,445
6,424
7,406
8,392
9,380
10,369
11,360
12,352
13,345
14,338
15,332
16,326
17,321
18,316
19,312
20,308
21,304
22,300
23,297
24,293
25,290
26,287
27,284
28,282
29,279
30,277
31,274
32,272
33,270
34,268
35,266
36,264
37,262
38,260
39,258
40,256
41,255
42,253
43,251
44,250
45,248
46,247
47,245
48,244
49,243
50,241
51,240
52,239
53,238
54,236
55,235
56,234
57,233
58,232
59,231
60,230
61,229
62,228
63,227
64,226
65,225
66,224
67,223
68,222
69,221
70,220
71,219
72,218
73,218
74,217
75,216
76,215
77,214
78,214
79,213
80,212
81,211
82,211
83,210
84,209
85,208
86,208
87,207
88,206
89,206
90,205
91,204
92,204
93,203
94,202
95,202
96,201
97,201
98,200
99,199
100,199
101,198
102,198
103,197
104,197
105,196
106,195
107,195
108,194
109,194
110,193
111,193
112,192
113,192
114,191
115,191
116,190
117,190
118,189
119,189
120,188
121,188
122,187
123,187
124,187
125,186
126,186
127,185
128,185
129,184
130,184
131,183
132,183
133,183
134,182
135,182
136,181
137,181
138,181
139,180
140,180
141,179
142,179
143,179
144,178
145,178
146,177
147,177
148,177
149,176
150,176
151,176
152,175
153,175
154,174
155,174
156,174
157,173
158,173
159,173
160,172
161,172
162,172
163,171
164,171
165,171
166,170
167,170
168,170
169,169
170,169
171,169
172,168
173,168
174,168
175,167
176,167
177,167
178,166
179,166
180,166
181,166
182,165
183,165
184,165
185,164
186,164
187,164
188,163
189,163
190,163
191,163
192,162
193,162
194,162
195,161
196,161
197,161
198,161
199,160
200,160
201,160
202,160
203,159
204,159
205,159
206,158
207,158
208,158
209,158
210,157
211,157
212,157
213,157
214,156
215,156
216,156
217,156
218,155
219,155
220,155
221,155
222,154
223,154
224,154
225,154
226,153
227,153
228,153
229,153
230,152
231,152
232,152
233,152
234,151
235,151
236,151
237,151
238,151
239,150
240,150
241,150
242,150
243,149
244,149
245,149
246,149
247,148
248,148
249,148
250,148
251,148
252,147
253,147
254,147
255,147
256,147
257,146
258,146
259,146
260,146
261,145
262,145
263,145
264,145
265,145
266,144
267,144
268,144
269,144
270,144
271,143
272,143
273,143
274,143
275,143
276,142
277,142
278,142
279,142
280,142
281,141
282,141
283,141
284,141
285,141
286,140
287,140
288,140
289,140
290,140
291,139
292,139
293,139
294,139
295,139
296,138
297,138
298,138
299,138
300,138
301,138
302,137
303,137
304,137
305,137
306,137
307,136
308,136
309,136
310,136
311,136
312,136
313,135
314,135
315,135
316,135
317,135
318,134
319,134
320,134
321,134
322,134
323,134
324,133
325,133
326,133
327,133
328,133
329,132
330,132
331,132
332,132
333,132
334,132
335,131
336,131
337,131
338,131
339,131
340,131
341,130
342,130
343,130
344,130
345,130
346,130
347,129
348,129
349,129
350,129
351,129
352,129
353,128
354,128
355,128
356,128
357,128
358,128
359,127
360,127
361,127
362,127
363,127
364,127
365,127
366,126
367,126
368,126
369,126
370,126
371,126
372,125
373,125
374,125
375,125
376,125
377,125
378,124
379,124
380,124
381,124
382,124
383,124
384,124
385,123
386,123
387,123
388,123
389,123
390,123
391,122
392,122
393,122
394,122
395,122
396,122
397,122
398,121
399,121
400,121
401,121
402,121
403,121
404,121
405,120
406,120
407,120
408,120
409,120
410,120
411,119
412,119
413,119
414,119
415,119
416,119
417,119
418,118
419,118
420,118
421,118
422,118
423,118
424,118
425,117
426,117
427,117
428,117
429,117
430,117
431,117
432,116
433,116
434,116
435,116
436,116
437,116
438,116
439,115
440,115
441,115
442,115
443,115
444,115
445,115
446,114
447,114
448,114
449,114
450,114
451,114
452,114
453,113
454,113
455,113
456,113
457,113
458,113
459,113
460,112
461,112
462,112
463,112
464,112
465,112
466,112
467,112
468,111
469,111
470,111
471,111
472,111
473,111
474,111
475,110
476,110
477,110
478,110
479,110
480,110
481,110
482,109
483,109
484,109
485,109
486,109
487,109
488,109
489,109
490,108
491,108
492,108
493,108
494,108
495,108
496,108
497,107
498,107
499,107
500,107
501,107
502,107
503,107
504,107
505,106
506,106
507,106
508,106
509,106
510,106
511,106
512,106
513,105
514,105
515,105
516,105
517,105
518,105
519,105
520,104
521,104
522,104
523,104
524,104
525,104
526,104
527,104
528,103
529,103
530,103
531,103
532,103
533,103
534,103
535,102
536,102
537,102
538,102
539,102
540,102
541,102
542,102
543,101
544,101
545,101
546,101
547,101
548,101
549,101
550,101
551,100
552,100
553,100
554,100
555,100
556,100
557,100
558,100
559,99
560,99
561,99
562,99
563,99
564,99
565,99
566,99
567,98
568,98
569,98
570,98
571,98
572,98
573,98
574,97
575,97
576,97
577,97
578,97
579,97
580,97
581,97
582,96
583,96
584,96
585,96
586,96
587,96
588,96
589,96
590,95
591,95
592,95
593,95
594,95
595,95
596,95
597,95
598,94
599,94
600,94
601,94
602,94
603,94
604,94
605,94
606,93
607,93
608,93
609,93
610,93
611,93
612,93
613,92
614,92
615,92
616,92
617,92
618,92
619,92
620,92
621,91
622,91
623,91
624,91
625,91
626,91
627,91
628,91
629,90
630,90
631,90
632,90
633,90
634,90
635,90
636,90
637,89
638,89
639,89
640,89
641,89
642,89
643,89
644,89
645,88
646,88
647,88
648,88
649,88
650,88
651,88
652,87
653,87
654,87
655,87
656,87
657,87
658,87
659,87
660,86
661,86
662,86
663,86
664,86
665,86
666,86
667,86
668,85
669,85
670,85
671,85
672,85
673,85
674,85
675,85
676,84
677,84
678,84
679,84
680,84
681,84
682,84
683,83
684,83
685,83
686,83
687,83
688,83
689,83
690,83
691,82
692,82
693,82
694,82
695,82
696,82
697,82
698,81
699,81
700,81
701,81
702,81
703,81
704,81
705,81
706,80
707,80
708,80
709,80
710,80
711,80
712,80
713,79
714,79
715,79
716,79
717,79
718,79
719,79
720,79
721,78
722,78
723,78
724,78
725,78
726,78
727,78
728,77
729,77
730,77
731,77
732,77
733,77
734,77
735,76
736,76
737,76
738,76
739,76
740,76
741,76
742,75
743,75
744,75
745,75
746,75
747,75
748,75
749,75
750,74
751,74
752,74
753,74
754,74
755,74
756,74
757,73
758,73
759,73
760,73
761,73
762,73
763,73
764,72
765,72
766,72
767,72
768,72
769,72
770,71
771,71
772,71
773,71
774,71
775,71
776,71
777,70
778,70
779,70
780,70
781,70
782,70
783,70
784,69
785,69
786,69
787,69
788,69
789,69
790,69
791,68
792,68
793,68
794,68
795,68
796,68
797,67
798,67
799,67
800,67
801,67
802,67
803,67
804,66
805,66
806,66
807,66
808,66
809,66
810,65
811,65
812,65
813,65
814,65
815,65
816,64
817,64
818,64
819,64
820,64
821,64
822,63
823,63
824,63
825,63
826,63
827,63
828,62
829,62
830,62
831,62
832,62
833,62
834,61
835,61
836,61
837,61
838,61
839,61
840,60
841,60
842,60
843,60
844,60
845,60
846,59
847,59
848,59
849,59
850,59
851,58
852,58
853,58
854,58
855,58
856,58
857,57
858,57
859,57
860,57
861,57
862,56
863,56
864,56
865,56
866,56
867,56
868,55
869,55
870,55
871,55
872,55
873,54
874,54
875,54
876,54
877,54
878,53
879,53
880,53
881,53
882,53
883,52
884,52
885,52
886,52
887,52
888,51
889,51
890,51
891,51
892,50
893,50
894,50
895,50
896,50
897,49
898,49
899,49
900,49
901,49
902,48
903,48
904,48
905,48
906,47
907,47
908,47
909,47
910,46
911,46
912,46
913,46
914,45
915,45
916,45
917,45
918,44
919,44
920,44
921,44
922,43
923,43
924,43
925,43
926,42
927,42
928,42
929,42
930,41
931,41
932,41
933,41
934,40
935,40
936,40
937,39
938,39
939,39
940,39
941,38
942,38
943,38
944,37
945,37
946,37
947,36
948,36
949,36
950,35
951,35
952,35
953,34
954,34
955,34
956,33
957,33
958,33
959,32
960,32
961,32
962,31
963,31
964,30
965,30
966,30
967,29
968,29
969,28
970,28
971,28
972,27
973,27
974,26
975,26
976,25
977,25
978,25
979,24
980,24
981,23
982,23
983,22
984,22
985,21
986,20
987,20
988,19
989,19
990,18
991,17
992,17
993,16
994,16
995,15
996,14
997,13
998,13
999,12
1000,11
1001,10
1002,9
1003,9
1004,8
1005,7
1006,6
1007,5
1008,3
1009,2
1010,1
1011,0
1012,-1
1013,-2
1014,-4
1015,-6
1016,-8
1017,-10
1018,-12
1019,-15
1020,-19
1021,-23
1022,-29
